lr: [1e-05, 1.1200000000000001e-05, 1.2544000000000002e-05, 1.4049280000000003e-05, 1.5735193600000005e-05, 1.7623416832000008e-05, 1.973822685184001e-05, 2.2106814074060812e-05, 2.4759631762948113e-05, 2.773078757450189e-05, 3.1058482083442115e-05, 3.4785499933455175e-05, 3.89597599254698e-05, 4.3634931116526176e-05, 4.887112285050932e-05, 5.473565759257044e-05, 6.13039365036789e-05, 6.866040888412038e-05, 7.689965795021483e-05, 8.612761690424062e-05, 9.64629309327495e-05, 0.00010803848264467946, 0.000121003100562041, 0.00013552347262948595, 0.00015178628934502429, 0.0001700006440664272, 0.0001904007213543985, 0.00021324880791692634, 0.00023883866486695753, 0.00026749930465099246, 0.0002995992212091116, 0.000335551127754205, 0.00037581726308470964, 0.00042091533465487483, 0.00047142517481345986, 0.0005279961957910751, 0.0005913557392860042, 0.0006623184280003247, 0.0007417966393603638, 0.0008308122360836075, 0.0009305097044136405, 0.0010421708689432774, 0.0011672313732164709, 0.0013072991380024474, 0.0014641750345627412, 0.0016398760387102702, 0.0018366611633555028, 0.0020570605029581633, 0.002303907763313143, 0.0025803766949107207, 0.0028900218983000073, 0.0032368245260960085, 0.00362524346922753, 0.004060272685534834, 0.0045475054077990145, 0.005093206056734897, 0.005704390783543085, 0.006388917677568256, 0.007155587798876447, 0.008014258334741621, 0.008975969334910617, 0.010053085655099893, 0.01125945593371188, 0.012610590645757307, 0.014123861523248184, 0.015818724906037966, 0.017716971894762523, 0.019843008522134026, 0.02222416954479011, 0.024891069890164926, 0.02787799827698472, 0.03122335807022289, 0.03497016103864964, 0.0391665803632876, 0.04386657000688212, 0.049130558407707976, 0.05502622541663294, 0.0616293724666289, 0.06902489716262437, 0.07730788482213931, 0.08658483100079603, 0.09697501072089157, 0.10861201200739856, 0.1216454534482864, 0.13624290786208076, 0.15259205680553048, 0.17090310362219416, 0.1914114760568575, 0.21438085318368041, 0.24010655556572208, 0.26891934223360875, 0.3011896633016418, 0.3373324228978389, 0.3778123136455796, 0.4231497912830492, 0.47392776623701516, 0.530799098185457, 0.5944949899677119, 0.6658343887638374, 0.745734515415498, 0.8352226572653578, 0.9354493761372008, 1.047703301273665]
losses: [2.3330016, 2.338325, 2.349895, 2.3407576, 2.3536363, 2.3438888, 2.3255029, 2.3135655, 2.3237166, 2.3334601, 2.3285637, 2.3384616, 2.3519793, 2.3333583, 2.3333361, 2.3424559, 2.3282573, 2.3290629, 2.3143163, 2.3336458, 2.3279991, 2.3548746, 2.3498731, 2.335269, 2.3399184, 2.3392577, 2.3411736, 2.3383014, 2.3507686, 2.331877, 2.3617468, 2.3305907, 2.3310065, 2.3397241, 2.3280277, 2.3418586, 2.3380339, 2.3369708, 2.3401284, 2.3223932, 2.3444173, 2.3513532, 2.3345957, 2.3203464, 2.3402283, 2.3387928, 2.3347516, 2.3237159, 2.3471489, 2.3090091, 2.328862, 2.3482833, 2.320153, 2.3196466, 2.3301287, 2.338048, 2.3247163, 2.3071942, 2.3414736, 2.3077664, 2.3115439, 2.3086913, 2.3131471, 2.3288064, 2.2984416, 2.3037724, 2.2959087, 2.2969775, 2.2740154, 2.2719538, 2.277895, 2.2773521, 2.2475944, 2.237289, 2.2364464, 2.2344079, 2.1949043, 2.1890101, 2.181277, 2.1683917, 2.1445971, 2.1272223, 2.1126356, 2.0664487, 2.058959, 2.0348032, 1.9548526, 1.9031864, 1.8163643, 1.7191713, 1.7588202, 1.6383412, 1.6469641, 1.9300139, 1.8982387, 1.8187171, 1.7219238, 1.6945803, 1.7930994, 2.20399, 1.9235635, 1.8034638, 1.7910104]
